 Last position-specific scoring matrix computed
A C E D G F I H K M L N Q P S R T W V Y X
-0.03954746 -0.05909055 -0.02969708 -0.06250041 -0.03399441 -0.00019457  0.00320151 -0.05396647 0.00684729 -0.05373909 -0.0459629  -0.04757319 -0.00567464 -0.10185487 -0.05042955 -0.08081506 -0.05143139 -0.06966353 -0.000869   -0.08865835 0.02747137
-0.05496881 -0.0793311  -0.10235795 -0.10633794  0.02952294 -0.04816846 -0.07602153  0.01784675  0.00341018 -0.03981867 -0.04097059 -0.07163879 -0.06600026 -0.04371018 -0.04650383 -0.02519005 -0.04066886 -0.04478766 -0.02282374 -0.04408316 -0.027385446426445997
-0.03820761 -0.03114034 -0.02852636 -0.04509321 -0.07858309 -0.09062555 -0.01325849 -0.0889061  -0.0205194  -0.03273934 -0.0431739  -0.04002212 -0.04958994 -0.11629503 -0.07691486 -0.01224512 -0.07959052 -0.05352432 -0.05812383 -0.00360302 0.03620426114418591
-0.09315172 -0.0796509  -0.07750869 -0.02855733  0.06216069 -0.03609172 -0.08547404 -0.08040925 -0.04193796  0.00104603 0.01069805 -0.08203572 -0.04538694 -0.09700026 -0.04349133 -0.06912067 -0.007678   -0.05467427 -0.13857562  0.00902568 -0.03266591629506717
 0.0079093  -0.01675182 -0.02444709 -0.0155687   0.04400418 -0.0397054  0.01930586 -0.06398155 -0.07872683  0.02486449  0.03572713  0.03327475 -0.09537228 -0.24921326 -0.07883883 -0.0344394  -0.03624912 -0.07496407 -0.07644621 -0.03930379 -0.034105687155147196
-0.04807473 -0.03885252 -0.07609199 -0.16869152 -0.15090755 -0.07423464 -0.04627258 -0.12152597 -0.07260217 -0.06655213 -0.08175414 -0.1039462 -0.11602129  0.24927184 -0.07344832 -0.08118429 -0.07677683 -0.05534397 -0.00855639 -0.08619847 0.10106558220351368
-0.03341785 -0.02763787 -0.00523191 -0.12380769 -0.08457989 -0.10486675 -0.05352917  0.03454501 -0.01453647  0.0093325  -0.06836     0.02303771 -0.0412813  -0.17235114 -0.05884603 -0.082445   -0.02050318 -0.06496743 -0.05468784 -0.07506517 0.007781631109409311
-0.0367677  -0.03271244 -0.06413347 -0.11693683  0.03335381 -0.10731879 -0.06545482 -0.11194895 -0.10141025  0.00953082 -0.03565439 -0.04493915 -0.07815758  0.0010399  -0.10603072 -0.04746154 -0.0484303   0.01605697 -0.07883905 -0.04327603 0.0864962625468817
-0.050527   -0.04175832 -0.04164767  0.00387709 -0.09572063 -0.07254403 -0.09398188 -0.11856551  0.0173804   0.0442523  -0.07007927  0.03720263 -0.03715125 -0.03995408 -0.01870023 -0.05681082 -0.01497136  0.00471465 -0.06043123 -0.01730008 -0.0008350073467444611
-0.0589086  -0.04110884 -0.02989456 -0.02796066 -0.0666743  -0.01599734 -0.05782873 -0.00949909 -0.0481369  -0.0247828  -0.0071539  -0.01056529 -0.10271375  0.00495987 -0.00697233 -0.03426407 -0.03134681 -0.03211552 -0.01602759 -0.07449409 0.027150025100800498
-0.0137574  -0.02232499 -0.00966265 -0.02372932 -0.07152355  0.01062851  0.0003225  -0.01779425 -0.02924268 -0.02530605 -0.03999682 -0.02527691 -0.06349375 -0.0563193  -0.02025039 -0.041328   -0.07050765 -0.02069204 -0.06721271 -0.02158057 0.0005110983998801038
